1744900815591675 42
1744900815593042 42
1744900815594390 41
1744900815595735 41
1744900815597075 2
1744900815598428 1
1744900815599775 2
1744900815601103 1
1744900815602460 2
1744900815603811 3
1744900815605149 2
1744900815606443 2
1744900815607412 2
1744900815608376 2
1744900815609343 1
1744900815610326 40
1744900815611301 45
1744900815612269 41
1744900815613238 42
1744900815614233 41
1744900815615200 41
1744900815616162 41
1744900815617124 42
1744900815618093 42
1744900815619438 42
1744900815620416 41
1744900815621383 43
1744900815622350 41
1744900815623328 10
1744900815624296 2
1744900815625264 2
1744900815626259 2
1744900815627246 1
1744900815628217 2
1744900815629184 2
1744900815630150 2
1744900815631123 2
1744900815632093 2
1744900815633061 1
1744900815634027 2
1744900815634994 1
1744900815635970 1
1744900815636943 157
1744900815637913 41
1744900815638880 41
1744900815639855 41
1744900815640823 42
1744900815641792 41
1744900815642756 41
1744900815643728 41
1744900815644699 43
1744900815645667 42
1744900815646636 41
1744900815647696 42
1744900815648672 42
1744900815649639 41
1744900815650607 2
1744900815651574 2
1744900815652550 1
1744900815653519 2
1744900815654482 2
1744900815655444 2
1744900815656417 2
1744900815657387 2
1744900815658355 2
1744900815659321 1
1744900815660293 2
1744900815661265 2
1744900815662231 2
1744900815663198 2
1744900815664163 39
1744900815665139 41
1744900815666108 41
1744900815667075 41
1744900815668041 42
1744900815669014 42
1744900815669986 42
1744900815670953 42
1744900815671919 42
1744900815672891 41
1744900815673863 79
1744900815674830 42
1744900815675796 41
1744900815676761 42
1744900815677737 1
1744900815678703 2
1744900815679670 2
1744900815680637 1
1744900815681658 2
1744900815682626 3
1744900815683592 2
1744900815684558 1
1744900815685533 1
1744900815686505 3
1744900815687472 1
1744900815688438 2
1744900815689424 1
1744900815690395 2
1744900815691362 40
1744900815692329 41
1744900815693297 41
1744900815694277 42
1744900815695248 42
1744900815696215 42
1744900815697181 41
1744900815698158 42
1744900815699132 41
1744900815700099 41
1744900815701065 42
1744900815702038 42
1744900815703009 41
1744900815703974 41
1744900815704953 2
1744900815706168 2
1744900815707358 1
1744900815708541 3
1744900815709726 3
1744900815710916 2
1744900815712105 2
1744900815713289 2
1744900815714524 1
1744900815715719 1
1744900815716909 1
1744900815718098 40
1744900815719300 41
1744900815720499 42
1744900815721686 41
1744900815722890 40
1744900815724085 42
1744900815725276 42
1744900815726460 41
1744900815727651 42
1744900815728838 42
1744900815730028 40
1744900815731285 41
1744900815732480 2
1744900815733669 2
1744900815734858 2
1744900815736060 2
1744900815737257 3
1744900815738446 1
1744900815739643 2
1744900815740837 1
1744900815742026 2
1744900815743214 3
1744900815744504 1
1744900815745697 40
1744900815746884 41
1744900815748080 41
1744900815749276 41
1744900815750463 41
1744900815751651 41
1744900815752847 41
1744900815754037 42
1744900815755235 42
1744900815756443 41
1744900815757640 42
1744900815758827 2
1744900815760016 2
1744900815761212 2
1744900815762405 2
1744900815763594 2
1744900815764792 1
1744900815765986 2
1744900815767175 2
1744900815768363 2
1744900815769570 1
1744900815770759 1
1744900815771948 38
1744900815773146 40
1744900815774341 41
1744900815775529 42
1744900815776718 41
1744900815777915 41
1744900815779103 41
1744900815780291 41
1744900815781487 41
1744900815782679 41
1744900815783868 41
1744900815785056 42
1744900815786275 1
1744900815787465 2
1744900815788653 1
1744900815789850 1
1744900815791044 3
1744900815792233 2
1744900815793442 1
1744900815794641 1
1744900815795832 1
1744900815797021 2
1744900815798217 2
1744900815799410 39
1744900815800602 40
1744900815801794 40
1744900815803003 40
1744900815804196 41
1744900815805387 42
1744900815806578 41
1744900815807765 41
1744900815808948 41
1744900815810139 41
1744900815811385 42
1744900815812576 2
1744900815813766 1
1744900815814962 1
1744900815816155 2
1744900815817347 2
1744900815818532 2
1744900815819729 2
1744900815820919 1
1744900815822108 2
1744900815823303 1
1744900815824495 1
1744900815825684 1
1744900815826872 40
1744900815828141 42
1744900815829333 42
1744900815830527 41
1744900815831724 41
1744900815832917 42
1744900815834107 42
1744900815835295 42
1744900815836491 41
1744900815837684 42
1744900815838870 42
1744900815840065 1
1744900815841263 2
1744900815842451 2
1744900815843639 1
1744900815844837 2
1744900815846028 1
1744900815847217 1
1744900815848411 1
1744900815849606 1
1744900815850793 2
1744900815851982 2
1744900815853178 37
1744900815854370 40
1744900815855558 41
1744900815856755 41
1744900815857952 43
1744900815859140 42
1744900815860352 42
1744900815861571 41
1744900815862761 41
1744900815863949 41
1744900815865148 42
1744900815866341 42
1744900815867536 2
1744900815868726 2
1744900815869924 1
1744900815871115 1
1744900815872304 1
1744900815873502 2
1744900815874695 2
1744900815875884 2
1744900815877071 2
1744900815878269 1
1744900815879460 1
1744900815880649 40
1744900815881844 41
1744900815883037 40
1744900815884225 41
1744900815885414 41
1744900815886647 41
1744900815887838 42
1744900815889026 43
1744900815890221 42
1744900815891414 42
1744900815892602 41
1744900815893792 1
1744900815894987 2
1744900815896177 2
1744900815897367 2
1744900815898560 2
1744900815899753 2
1744900815900941 2
1744900815902129 2
1744900815903362 2
1744900815904561 3
1744900815905750 3
1744900815906946 4
1744900815908139 41
1744900815909328 41
1744900815910517 41
1744900815911713 41
1744900815912904 41
1744900815914093 42
1744900815915287 41
1744900815916479 41
1744900815917670 41
1744900815918856 41
1744900815920051 42
1744900815921242 2
1744900815922456 2
1744900815923654 1
1744900815924847 1
1744900815926036 2
1744900815927224 2
1744900815928419 2
1744900815929613 2
1744900815930800 1
1744900815931996 1
1744900815933191 2
1744900815934381 39
1744900815935569 41
1744900815936765 41
1744900815937956 41
1744900815939144 41
1744900815940339 41
1744900815941540 41
1744900815942726 42
1744900815943914 41
1744900815945154 42
1744900815946346 42
1744900815947534 33
1744900815948729 1
1744900815949924 2
1744900815951113 2
1744900815952301 2
1744900815953499 2
1744900815954688 2
1744900815955876 1
1744900815957071 1
1744900815958264 2
1744900815959453 2
1744900815960640 2
1744900815961838 41
1744900815963024 40
1744900815964212 41
1744900815965406 42
1744900815966600 42
1744900815967788 42
1744900815968976 42
1744900815970178 42
1744900815971369 41
1744900815972558 41
1744900815973754 41
1744900815974946 2
1744900815976135 2
1744900815977326 2
1744900815978529 1
1744900815979719 2
1744900815980908 1
1744900815982105 1
1744900815983299 1
1744900815984487 2
1744900815985676 2
1744900815986889 2
1744900815988079 15
1744900815989269 40
1744900815990463 40
1744900815991656 41
1744900815992845 41
1744900815994033 42
1744900815995305 42
1744900815996495 42
1744900815997686 42
1744900815998880 41
1744900816000072 42
1744900816001263 41
1744900816002453 2
1744900816003648 2
1744900816004840 2
1744900816006031 2
1744900816007235 1
1744900816008428 2
1744900816009622 3
1744900816010806 1
1744900816012004 2
1744900816013189 2
1744900816014381 1
1744900816015586 39
1744900816016780 41
1744900816017968 40
1744900816019150 41
1744900816020341 41
1744900816021530 41
1744900816022720 41
1744900816023919 41
1744900816025113 41
1744900816026301 42
1744900816027483 41
1744900816028713 21
1744900816029903 1
1744900816031092 2
1744900816032289 2
1744900816033483 1
1744900816034672 1
1744900816035860 1
1744900816037110 1
1744900816038302 2
1744900816039490 2
1744900816040687 2
1744900816041883 1
1744900816043069 41
1744900816044257 41
1744900816045454 41
1744900816046641 42
1744900816047828 41
1744900816049023 41
1744900816050214 41
1744900816051401 41
1744900816052592 41
1744900816053811 41
1744900816054998 41
1744900816056186 2
1744900816057382 2
1744900816058573 3
1744900816059760 1
1744900816060947 1
1744900816062141 1
1744900816063330 1
1744900816064554 2
1744900816065745 2
1744900816066930 2
1744900816068117 2
1744900816069307 39
1744900816070496 40
1744900816071684 40
1744900816072872 41
1744900816074063 42
1744900816075254 42
1744900816076444 43
1744900816077634 42
1744900816078821 41
1744900816080009 41
1744900816081197 41
1744900816082387 41
1744900816083576 2
1744900816084765 2
1744900816085953 2
1744900816087141 2
1744900816088329 2
1744900816089522 1
1744900816090709 1
1744900816091897 1
1744900816093085 2
1744900816094285 3
1744900816095479 2
1744900816096668 40
1744900816097859 40
1744900816099070 40
1744900816100259 40
1744900816101445 41
1744900816102639 41
1744900816103839 41
1744900816105027 42
1744900816106211 42
1744900816107399 42
1744900816108579 41
1744900816109762 21
1744900816110958 1
1744900816112150 2
1744900816113335 2
1744900816114518 2
1744900816115711 1
1744900816116897 3
1744900816118081 2
1744900816119272 2
1744900816120461 2
1744900816121647 1
1744900816122829 1
1744900816124021 40
1744900816125207 40
1744900816126399 41
1744900816127589 42
1744900816128778 42
1744900816129963 41
1744900816131147 41
1744900816132648 42
1744900816133850 42
1744900816135032 42
1744900816136274 42
1744900816137464 1
1744900816138646 1
1744900816139839 2
1744900816141027 1
1744900816142211 1
1744900816143394 1
1744900816144616 2
1744900816145805 2
1744900816146986 1
1744900816148178 2
1744900816149370 1
1744900816150552 39
1744900816151736 41
1744900816152975 40
1744900816154162 41
1744900816155345 42
1744900816156536 41
1744900816157725 41
1744900816158908 41
1744900816160091 41
1744900816161368 42
1744900816162553 41
1744900816163741 22
1744900816164932 2
1744900816166120 2
1744900816167304 1
1744900816168492 2
1744900816169728 2
1744900816170912 1
1744900816172096 1
1744900816173289 2
1744900816174475 1
1744900816175659 2
1744900816176843 2
1744900816178094 40
1744900816179280 40
1744900816180464 41
1744900816181654 40
1744900816182842 41
1744900816184026 42
1744900816185210 42
1744900816186412 41
1744900816187598 42
1744900816188782 41
1744900816189972 41
1744900816191161 2
1744900816192345 2
1744900816193528 2
1744900816194803 2
1744900816195990 2
1744900816197174 2
1744900816198365 2
1744900816199554 2
1744900816200741 2
1744900816201926 2
1744900816203136 2
1744900816204348 20
1744900816205537 40
1744900816206728 41
1744900816207917 42
1744900816209104 42
1744900816210290 42
1744900816211501 41
1744900816212689 41
1744900816213883 42
1744900816215081 42
1744900816216276 42
1744900816217468 42
1744900816218651 1
1744900816219841 1
1744900816221027 2
1744900816222215 1
1744900816223409 1
1744900816224598 2
1744900816225786 2
1744900816226977 2
1744900816228212 2
1744900816229405 1
1744900816230588 2
1744900816231777 39
1744900816232963 41
1744900816234153 41
1744900816235343 42
1744900816236566 41
1744900816237765 41
1744900816238947 41
1744900816240137 42
1744900816241329 42
1744900816242519 42
1744900816243707 41
1744900816244968 15
1744900816246158 1
1744900816247348 2
1744900816248543 1
1744900816249737 2
1744900816250926 2
1744900816252114 2
1744900816253312 2
1744900816254499 1
1744900816255688 1
1744900816256884 1
1744900816258080 2
1744900816259268 41
1744900816260456 42
1744900816261655 40
1744900816262844 41
1744900816264033 41
1744900816265229 42
1744900816266444 42
1744900816267633 42
1744900816268823 42
1744900816270043 41
1744900816271234 41
1744900816272423 1
1744900816273619 2
1744900816274817 2
1744900816276005 1
1744900816277194 2
1744900816278409 2
1744900816279601 2
1744900816280791 2
1744900816281987 2
1744900816283180 2
1744900816284368 2
1744900816285559 31
1744900816286756 40
1744900816287946 41
1744900816289134 40
1744900816290331 41
1744900816291524 42
1744900816292712 42
1744900816293902 41
1744900816295096 42
1744900816296286 42
1744900816297476 41
1744900816298671 42
1744900816299864 1
1744900816301053 2
1744900816302241 3
1744900816303479 1
1744900816304669 2
1744900816305859 2
1744900816307055 2
1744900816308248 2
1744900816309439 1
1744900816310624 1
1744900816311824 1
1744900816313014 39
1744900816314202 40
1744900816315398 42
1744900816316591 42
1744900816317781 42
1744900816318968 42
1744900816320162 42
1744900816321354 42
1744900816322540 41
1744900816323737 42
1744900816324932 42
1744900816326120 3
1744900816327308 1
1744900816328523 1
1744900816329715 1
1744900816330901 2
1744900816332095 1
1744900816333290 2
1744900816334475 2
1744900816335661 1
1744900816336952 2
1744900816338142 2
1744900816339328 2
1744900816340523 40
1744900816341717 41
1744900816342903 41
1744900816344090 41
1744900816345287 41
1744900816346473 41
1744900816347660 41
1744900816348857 42
1744900816350049 42
1744900816351236 43
1744900816352423 42
1744900816353619 2
1744900816354806 2
1744900816355993 2
1744900816357188 2
1744900816358381 2
1744900816359568 2
1744900816360755 2
1744900816361975 1
1744900816363163 1
1744900816364350 1
1744900816365544 1
1744900816366735 39
1744900816367923 41
1744900816369112 42
1744900816370390 41
1744900816371580 42
1744900816372767 41
1744900816373962 42
1744900816375154 41
1744900816376341 41
1744900816377530 41
1744900816378722 42
1744900816379911 42
1744900816381098 2
1744900816382304 2
1744900816383508 2
1744900816384699 2
1744900816385898 2
1744900816387121 2
1744900816388315 3
1744900816389504 1
1744900816390694 2
1744900816391880 1
1744900816393063 1
1744900816394252 40
1744900816395468 42
1744900816396659 42
1744900816397847 41
1744900816399043 42
1744900816400235 41
1744900816401425 42
1744900816402613 43
1744900816403809 42
1744900816405010 43
1744900816406200 42
1744900816407396 2
1744900816408589 2
1744900816409780 1
1744900816410967 2
1744900816412166 2
1744900816413357 2
1744900816414549 2
1744900816415747 1
1744900816416943 1
1744900816418131 0
1744900816419315 1
1744900816420504 38
1744900816421694 40
1744900816422891 41
1744900816424088 41
1744900816425282 42
1744900816426466 41
1744900816427648 40
1744900816428838 41
1744900816430029 42
1744900816431218 41
1744900816432416 41
1744900816433611 41
1744900816434795 1
1744900816435977 1
1744900816437181 1
1744900816438372 2
1744900816439561 2
1744900816440756 1
1744900816441950 1
1744900816443138 2
1744900816444327 1
1744900816445608 2
1744900816446799 2
1744900816447987 39
1744900816449183 41
1744900816450376 41
1744900816451565 40
1744900816452754 42
1744900816453953 42
1744900816455144 43
1744900816456333 42
1744900816457530 42
1744900816458724 41
1744900816459917 42
1744900816461105 1
1744900816462301 1
1744900816463492 2
1744900816464680 2
1744900816465875 2
1744900816467068 1
1744900816468256 1
1744900816469448 1
1744900816470642 1
1744900816471833 1
1744900816473022 2
1744900816474220 2
1744900816475414 41
1744900816476602 41
1744900816477792 41
1744900816478988 41
1744900816480177 41
1744900816481367 41
1744900816482561 42
1744900816483756 42
1744900816484945 42
1744900816486134 42
1744900816487355 41
1744900816488545 1
1744900816489736 2
1744900816490929 1
1744900816492122 3
1744900816493313 2
1744900816494499 1
1744900816495773 2
1744900816496968 1
1744900816498157 1
1744900816499353 1
1744900816500545 1
1744900816501736 38
1744900816502922 40
1744900816504121 41
1744900816505336 41
1744900816506524 42
1744900816507720 41
1744900816508913 41
1744900816510102 42
1744900816511289 42
1744900816512484 42
1744900816513676 41
1744900816514861 41
1744900816516055 1
1744900816517272 1
1744900816518461 2
1744900816519648 3
1744900816520844 2
1744900816522034 3
1744900816523221 2
1744900816524415 1
1744900816525609 2
1744900816526794 1
1744900816527980 2
1744900816529174 40
1744900816530364 41
1744900816531551 41
1744900816532745 41
1744900816533960 42
1744900816535147 41
1744900816536334 41
1744900816537535 42
1744900816538725 42
1744900816539911 42
1744900816541105 42
1744900816542296 2
1744900816543483 2
1744900816544670 2
1744900816545865 1
1744900816547053 2
1744900816548241 1
1744900816549439 2
1744900816550631 2
1744900816551818 2
1744900816553005 2
1744900816554226 1
1744900816555414 3
1744900816556602 41
1744900816557796 41
1744900816558987 41
1744900816560173 42
1744900816561362 42
1744900816562579 42
1744900816563767 41
1744900816564955 41
1744900816566150 41
1744900816567342 41
1744900816568532 40
1744900816569724 2
1744900816570953 2
1744900816572144 2
1744900816573334 2
1744900816574527 2
1744900816575723 2
1744900816576924 2
1744900816578116 1
1744900816579305 1
1744900816580493 1
1744900816581687 1
1744900816582873 38
1744900816584061 40
1744900816585257 42
1744900816586446 42
1744900816587634 42
1744900816588822 41
1744900816590011 41
1744900816591200 41
1744900816592388 41
1744900816593579 42
1744900816594764 42
1744900816595953 34
1744900816597140 2
1744900816598330 1
1744900816599518 1
1744900816600707 2
1744900816601897 2
1744900816603085 2
1744900816604273 2
1744900816605463 2
1744900816606650 1
1744900816607843 1
1744900816609031 1
1744900816610220 39
1744900816611406 41
1744900816612593 41
1744900816613782 41
1744900816614967 41
1744900816616156 41
1744900816617345 41
1744900816618531 42
1744900816619785 41
1744900816620979 42
1744900816622167 42
1744900816623357 3
1744900816624544 2
1744900816625733 1
1744900816626917 1
1744900816628097 1
1744900816629293 1
1744900816630480 2
1744900816631667 2
1744900816632854 3
1744900816634042 1
1744900816635233 2
1744900816636421 2
1744900816637612 39
1744900816638796 40
1744900816639984 41
1744900816641171 42
1744900816642358 43
1744900816643546 41
1744900816644737 41
1744900816645926 41
1744900816647114 41
1744900816648301 41
1744900816649489 42
1744900816650676 2
1744900816651864 2
1744900816653051 1
1744900816654238 2
1744900816655425 1
1744900816656612 1
1744900816657801 1
1744900816658986 1
1744900816660174 2
1744900816661362 2
1744900816662547 2
1744900816663734 17
1744900816664922 40
1744900816666109 40
1744900816667295 41
1744900816668485 41
1744900816669675 41
1744900816670862 42
1744900816672049 42
1744900816673240 42
1744900816674448 41
1744900816675633 41
1744900816676818 41
1744900816678000 1
1744900816679186 2
1744900816680369 2
1744900816681562 2
1744900816682742 2
1744900816683925 1
1744900816685111 1
1744900816686293 2
1744900816687477 2
1744900816688660 2
1744900816689845 1
1744900816691028 38
1744900816692210 40
1744900816693394 40
1744900816694588 42
1744900816695779 41
1744900816696964 41
1744900816698149 41
1744900816699332 41
1744900816700515 41
1744900816701701 41
1744900816702883 41
1744900816704066 41
1744900816705268 2
1744900816706464 1
1744900816707650 1
1744900816708834 2
1744900816710017 2
1744900816711202 2
1744900816712385 2
1744900816713571 1
1744900816714753 1
1744900816715936 1
1744900816717119 1
1744900816718306 40
1744900816719491 41
1744900816720674 42
1744900816721860 41
1744900816723045 42
1744900816724227 41
1744900816725412 42
1744900816726597 41
1744900816727782 42
1744900816728967 41
1744900816730150 42
1744900816731330 22
1744900816732506 1
1744900816733685 1
1744900816734863 1
1744900816736042 2
1744900816737219 2
1744900816738405 2
1744900816739592 1
1744900816740775 1
1744900816741957 2
1744900816743134 1
1744900816744313 2
1744900816745495 39
1744900816746679 41
1744900816747863 41
1744900816749046 41
1744900816750228 41
1744900816751411 42
1744900816752595 41
1744900816753782 42
1744900816754966 40
1744900816756151 41
1744900816757334 41
1744900816758515 2
1744900816759697 1
1744900816760881 1
1744900816762063 1
1744900816763245 1
1744900816764430 1
1744900816765615 2
1744900816766796 2
1744900816767981 2
1744900816769165 1
1744900816770348 2
1744900816771532 1
1744900816772715 40
1744900816773902 41
1744900816775082 41
1744900816776265 41
1744900816777451 41
1744900816778630 41
1744900816779815 41
1744900816780998 41
1744900816782182 42
1744900816783364 42
1744900816784547 42
1744900816785731 1
1744900816786913 2
1744900816788095 2
1744900816789280 3
1744900816790461 2
1744900816791649 1
1744900816792831 2
1744900816794015 1
1744900816795197 1
1744900816796380 2
1744900816797565 2
1744900816798745 1
1744900816799929 40
1744900816801111 41
1744900816802295 41
1744900816803477 41
1744900816804660 42
1744900816805845 41
1744900816807026 42
1744900816808209 42
1744900816809394 41
1744900816810578 41
1744900816811759 41
1744900816812943 2
1744900816814125 2
1744900816815311 1
1744900816816493 1
1744900816817679 2
1744900816818878 2
1744900816820065 2
1744900816821280 3
1744900816822469 1
1744900816823655 2
1744900816824838 2
1744900816826022 19
1744900816827208 41
1744900816828395 41
1744900816829580 42
1744900816830758 42
1744900816831936 41
1744900816833113 41
1744900816834298 40
1744900816835483 41
1744900816836666 42
1744900816837850 42
1744900816839031 42
1744900816840216 1
1744900816841398 1
1744900816842580 1
1744900816843762 1
1744900816844946 2
1744900816846129 3
1744900816847312 2
1744900816848496 2
1744900816849680 1
1744900816850859 1
1744900816852042 2
1744900816853224 39
1744900816854412 41
1744900816855595 41
1744900816856780 41
1744900816857961 41
1744900816859514 42
1744900816860715 41
1744900816861902 42
1744900816863082 42
1744900816864265 42
1744900816865459 41
1744900816866639 19
1744900816867821 1
1744900816869006 2
1744900816870189 2
1744900816871372 2
1744900816872554 1
1744900816873742 1
1744900816874921 1
1744900816876103 2
1744900816877286 2
1744900816878471 3
1744900816879655 1
1744900816880837 41
1744900816882021 41
1744900816883203 41
1744900816884386 42
1744900816885570 42
1744900816886751 41
1744900816887934 41
1744900816889116 41
1744900816890300 41
1744900816891482 42
1744900816892664 42
1744900816893849 2
1744900816895029 2
1744900816896212 1
1744900816897397 2
1744900816898580 3
1744900816899761 1
1744900816900944 1
1744900816902129 1
1744900816903313 2
1744900816904495 2
1744900816905681 2
1744900816906892 2
1744900816908076 40
1744900816909263 40
1744900816910446 41
1744900816911636 42
1744900816912826 41
1744900816914016 41
1744900816915208 41
1744900816916396 42
1744900816917586 42
1744900816918773 42
1744900816919962 41
1744900816921150 2
1744900816922340 1
1744900816923531 1
1744900816924718 2
1744900816925909 2
1744900816927096 1
1744900816928286 1
1744900816929475 2
1744900816930664 2
1744900816931853 2
1744900816933040 2
1744900816934228 30
1744900816935416 40
1744900816936606 40
1744900816937796 41
1744900816938986 42
1744900816940175 42
1744900816941364 41
1744900816942551 42
1744900816943738 41
1744900816944926 41
1744900816946113 42
1744900816947301 42
1744900816948489 2
1744900816949679 2
1744900816950864 1
1744900816952052 2
1744900816953242 3
1744900816954465 3
1744900816955653 2
1744900816956842 1
1744900816958029 2
1744900816959217 1
1744900816960404 2
1744900816961596 39
1744900816962781 41
1744900816963967 40
1744900816965158 41
1744900816966341 42
1744900816967527 42
1744900816968714 41
1744900816969904 41
1744900816971090 41
1744900816972278 42
1744900816973466 42
1744900816974654 3
1744900816975840 2
1744900816977023 1
1744900816978209 1
1744900816979390 2
1744900816980572 2
1744900816981756 2
1744900816982943 1
1744900816984131 1
1744900816985321 2
1744900816986508 2
1744900816987694 2
1744900816988881 40
1744900816990069 41
1744900816991257 42
1744900816992445 42
1744900816993635 41
1744900816994822 42
1744900816996009 41
1744900816997197 42
1744900816998385 42
1744900816999574 42
1744900817000761 41
1744900817001952 1
1744900817003140 2
1744900817004328 2
1744900817005519 2
1744900817006712 2
1744900817007902 1
1744900817009090 2
1744900817010277 2
1744900817011466 2
1744900817012656 1
1744900817013846 2
1744900817015031 2
1744900817016219 41
1744900817017408 42
1744900817018593 41
1744900817019781 41
1744900817020967 41
1744900817022155 41
1744900817023343 41
1744900817024531 42
1744900817025723 42
1744900817026908 41
1744900817028095 42
1744900817029301 1
1744900817030483 2
1744900817031670 3
1744900817032859 1
1744900817034044 2
1744900817035223 1
1744900817036406 2
1744900817037590 1
1744900817038778 2
1744900817039965 2
1744900817041152 1
1744900817042339 38
1744900817043524 41
1744900817044712 41
1744900817045899 41
1744900817047083 41
1744900817048268 41
1744900817049461 43
1744900817050645 42
1744900817051831 41
1744900817053018 41
1744900817054203 41
1744900817055389 41
1744900817056575 2
1744900817057766 2
1744900817058953 2
1744900817060139 2
1744900817061328 2
1744900817062511 1
1744900817063697 1
1744900817064883 2
1744900817066071 2
1744900817067257 33
1744900817068443 1
1744900817069633 40
1744900817070834 41
1744900817072025 41
1744900817073213 41
1744900817074402 41
1744900817075592 41
1744900817076779 41
1744900817077967 42
1744900817079155 42
1744900817080343 42
1744900817081532 41
1744900817082718 1
1744900817083909 1
1744900817085100 2
1744900817086295 2
1744900817087483 2
1744900817088671 2
1744900817089861 2
1744900817091047 1
1744900817092235 2
1744900817093425 1
1744900817094611 1
1744900817095799 2
1744900817096988 40
1744900817098175 41
1744900817099363 41
1744900817100556 41
1744900817101756 41
1744900817102955 41
1744900817104144 41
1744900817105336 42
1744900817106518 42
1744900817107712 41
1744900817108897 41
1744900817110085 2
1744900817111274 2
1744900817112461 1
1744900817113650 2
1744900817114838 1
1744900817116026 2
1744900817117215 3
1744900817118405 3
1744900817119593 2
1744900817120781 1
1744900817121970 2
1744900817123163 3
1744900817124350 40
1744900817125539 41
1744900817126725 41
1744900817127913 41
1744900817129101 41
1744900817130289 42
1744900817131477 42
1744900817132664 41
1744900817133854 41
1744900817135114 41
1744900817136309 42
1744900817137502 2
1744900817138688 1
1744900817139876 1
1744900817141062 2
1744900817142252 2
1744900817143438 3
1744900817144625 2
1744900817145814 2
1744900817147001 2
1744900817148188 1
1744900817149378 1
1744900817150565 39
1744900817151751 40
1744900817152938 41
1744900817154126 41
1744900817155315 41
1744900817156502 42
1744900817157692 42
1744900817158878 42
1744900817160069 42
1744900817161260 41
1744900817162447 42
1744900817163635 42
1744900817164823 2
1744900817166010 2
1744900817167198 1
1744900817168391 2
1744900817169576 2
1744900817170762 2
1744900817171954 2
1744900817173141 2
1744900817174329 1
1744900817175518 2
1744900817176705 1
1744900817177894 40
1744900817179079 41
1744900817180269 41
1744900817181458 41
1744900817182643 41
1744900817183832 41
1744900817185019 41
1744900817186206 42
1744900817187394 42
1744900817188582 41
1744900817189770 41
1744900817190956 1
1744900817192144 2
1744900817193335 3
1744900817194519 2
1744900817195706 1
1744900817196898 1
1744900817198086 1
1744900817199273 1
1744900817200460 2
1744900817201651 3
1744900817202836 1
1744900817204023 2
1744900817205212 39
1744900817206399 41
1744900817207587 41
1744900817208803 41
1744900817209993 41
1744900817211181 41
1744900817212368 41
1744900817213559 41
1744900817214744 41
1744900817215931 42
1744900817217119 42
1744900817218308 2
1744900817219496 1
1744900817220683 1
1744900817221872 1
1744900817223071 2
1744900817224267 2
1744900817225457 1
1744900817226650 2
1744900817227839 1
1744900817229028 1
1744900817230216 2
1744900817231398 39
1744900817232580 40
1744900817233785 41
1744900817234978 40
1744900817236167 41
1744900817237357 42
1744900817238540 42
1744900817239721 41
1744900817240903 41
1744900817242091 42
1744900817243282 41
1744900817244471 42
1744900817245661 2
1744900817246845 2
1744900817248026 2
1744900817249207 2
1744900817250396 2
1744900817251585 2
1744900817252772 2
1744900817253960 1
1744900817255148 1
1744900817256335 1
1744900817257523 1
1744900817258710 40
1744900817259899 41
1744900817261086 42
1744900817262275 41
1744900817263464 41
1744900817264650 42
1744900817265837 42
1744900817267026 42
1744900817268214 42
1744900817269411 42
1744900817270608 41
1744900817271801 30
1744900817272987 1
1744900817274174 2
1744900817275361 3
1744900817276549 1
1744900817277738 2
1744900817278924 1
1744900817280114 1
1744900817281303 1
1744900817282488 2
1744900817283675 2
1744900817284863 2
1744900817286051 39
1744900817287238 41
1744900817288426 41
1744900817289617 43
1744900817290800 42
1744900817291987 41
1744900817293176 42
1744900817294362 41
1744900817295549 42
1744900817296738 42
1744900817297928 42
1744900817299116 1
1744900817300304 2
1744900817301496 1
1744900817302681 1
1744900817303868 2
1744900817305057 2
1744900817306243 2
1744900817307435 1
1744900817308634 1
1744900817309827 1
1744900817311013 2
1744900817312200 18
1744900817313390 40
1744900817314579 41
1744900817315763 41
1744900817316946 41
1744900817318132 41
1744900817319313 41
1744900817320496 42
1744900817321679 42
1744900817322868 42
1744900817324056 42
1744900817325268 42
1744900817326459 2
1744900817327646 2
1744900817328834 2
1744900817330028 2
1744900817331211 2
1744900817332398 1
1744900817333588 2
1744900817334774 1
1744900817335960 2
1744900817337147 2
1744900817338333 2
1744900817339520 19
1744900817340705 40
1744900817341893 41
1744900817343079 41
1744900817344267 42
1744900817345456 41
1744900817346640 41
1744900817347827 42
1744900817349012 41
1744900817350198 42
1744900817351386 42
1744900817352571 42
1744900817353760 2
1744900817354944 1
1744900817356130 2
1744900817357318 1
1744900817358502 2
1744900817359689 2
1744900817360875 2
1744900817362061 2
1744900817363247 1
1744900817364434 1
1744900817365622 2
1744900817366806 39
1744900817368000 41
1744900817369201 40
1744900817370395 41
1744900817371584 41
1744900817372773 41
1744900817373961 42
1744900817375148 41
1744900817376337 41
1744900817377526 41
1744900817378711 41
1744900817379898 22
1744900817381098 2
1744900817382417 3
1744900817383670 3
1744900817384878 1
1744900817386076 1
1744900817387266 1
1744900817388454 1
1744900817389657 1
1744900817390846 2
1744900817392034 1
1744900817393309 2
1744900817394509 40
1744900817395696 40
1744900817396899 40
1744900817398095 41
1744900817399285 42
1744900817400471 42
1744900817401670 42
1744900817402855 41
1744900817404036 42
1744900817405215 42
1744900817406552 42
1744900817407737 1
1744900817408928 2
1744900817410152 2
1744900817411341 2
1744900817412523 2
1744900817413716 1
1744900817414907 2
1744900817416088 2
1744900817417273 1
1744900817418477 1
1744900817419657 1
1744900817420831 39
1744900817422065 40
1744900817423251 41
1744900817424432 42
1744900817425616 41
1744900817426803 40
1744900817427987 41
1744900817429167 42
1744900817430452 42
1744900817431637 43
1744900817432819 43
1744900817434000 21
1744900817435212 2
1744900817436402 1
1744900817437587 1
1744900817438841 1
1744900817440024 1
1744900817441199 2
1744900817442377 1
1744900817443576 2
1744900817444756 1
1744900817445954 1
1744900817447173 1
1744900817448354 40
1744900817449531 41
1744900817450707 41
1744900817451907 41
1744900817453086 42
1744900817454269 41
1744900817455502 41
1744900817456687 41
1744900817457870 41
1744900817459049 42
1744900817460239 41
1744900817461427 2
1744900817462606 2
1744900817463852 2
1744900817465040 2
1744900817466217 1
1744900817467393 1
1744900817468604 3
1744900817469799 2
1744900817470983 1
1744900817472297 2
1744900817473492 1
1744900817474670 19
1744900817475850 40
1744900817477088 41
1744900817478270 42
1744900817479450 41
1744900817480639 42
1744900817481826 41
1744900817483002 41
1744900817484198 42
1744900817485457 42
1744900817486637 42
1744900817487816 42
1744900817489005 1
1744900817490191 1
1744900817491371 1
1744900817492557 2
1744900817493805 2
1744900817494985 2
1744900817496165 2
1744900817497352 2
1744900817498538 1
1744900817499718 1
1744900817500897 0
1744900817502100 40
1744900817503286 41
1744900817504466 41
1744900817505715 42
1744900817506902 42
1744900817508082 41
1744900817509265 41
1744900817510455 42
1744900817511639 41
1744900817512820 42
1744900817514016 42
1744900817515200 21
1744900817516380 2
1744900817517563 2
1744900817518751 2
1744900817519936 1
1744900817521116 2
1744900817522362 3
1744900817523555 2
1744900817524737 2
1744900817525921 2
1744900817527107 1
1744900817528294 1
1744900817529481 40
1744900817530725 42
1744900817531910 41
1744900817533090 42
1744900817534271 41
1744900817535460 41
1744900817536646 41
1744900817537829 40
1744900817539020 41
1744900817540212 42
1744900817541395 41
1744900817542573 3
1744900817543762 1
1744900817544946 1
1744900817546286 1
1744900817547475 1
1744900817548653 3
1744900817549833 3
1744900817551014 2
1744900817552336 2
1744900817553525 2
1744900817554701 2
1744900817555888 39
1744900817557073 41
1744900817558254 42
1744900817559434 41
1744900817560674 41
1744900817561859 41
1744900817563037 41
1744900817564230 41
1744900817565420 41
1744900817566600 42
1744900817567779 42
1744900817568968 41
1744900817570169 1
1744900817571354 2
1744900817572544 1
1744900817573734 3
1744900817574913 3
1744900817576094 2
1744900817577305 2
1744900817578488 1
1744900817579670 1
1744900817580932 1
1744900817582120 2
1744900817583301 40
1744900817584482 41
1744900817585688 41
1744900817586871 41
1744900817588053 40
1744900817589272 41
1744900817590462 42
1744900817591643 43
1744900817592824 42
1744900817594031 41
1744900817595217 41
1744900817596399 7
1744900817597608 1
1744900817598794 2
1744900817599975 2
1744900817601156 3
1744900817602344 2
1744900817603535 2
1744900817604716 1
1744900817605960 1
1744900817607148 2
1744900817608329 2
1744900817609537 2
1744900817610744 40
1744900817611931 41
1744900817613113 41
1744900817614321 41
1744900817615507 42
1744900817616689 41
1744900817617873 42
1744900817619059 42
1744900817620244 42
1744900817621428 42
1744900817622673 42
1744900817623866 2
1744900817625049 1
1744900817626230 2
1744900817627418 2
1744900817628604 2
1744900817629788 2
1744900817631579 1
1744900817632762 2
1744900817633981 1
1744900817635230 3
1744900817636417 2
1744900817637601 40
1744900817638778 41
1744900817640034 42
1744900817641227 41
1744900817642410 41
1744900817643625 42
1744900817644805 42
1744900817645981 41
1744900817647155 41
1744900817648489 42
1744900817649670 42
1744900817650845 2
1744900817652030 3
1744900817653209 1
1744900817654385 2
1744900817655559 2
1744900817656794 2
1744900817657972 1
1744900817659147 1
1744900817660341 1
1744900817661525 2
1744900817662699 3
1744900817663873 38
1744900817665153 41
1744900817666337 41
1744900817667516 41
1744900817668740 41
1744900817669963 41
1744900817671147 41
1744900817672322 42
1744900817673536 42
1744900817674722 41
1744900817675901 41
1744900817677093 41
1744900817678282 3
1744900817679462 2
1744900817680642 2
1744900817681890 2
1744900817683070 1
1744900817684249 2
1744900817685437 1
1744900817686623 2
1744900817687803 2
1744900817688983 2
1744900817690241 1
1744900817691426 40
1744900817692607 40
1744900817693795 41
1744900817694981 42
1744900817696161 41
1744900817697342 41
1744900817698601 41
1744900817699787 40
1744900817700967 41
1744900817702156 42
1744900817703342 41
1744900817704521 2
1744900817705703 1
1744900817706981 1
1744900817708166 1
1744900817709349 1
1744900817710545 2
1744900817711731 2
1744900817712911 1
1744900817714091 2
1744900817715320 2
1744900817716501 2
1744900817717685 3
1744900817718872 40
1744900817720056 41
1744900817721236 41
1744900817722456 41
1744900817723685 41
1744900817724876 41
1744900817726056 42
1744900817727247 41
1744900817728434 42
1744900817729616 42
1744900817730796 42
1744900817732038 1
1744900817733219 2
1744900817734403 2
1744900817735591 2
1744900817736775 2
1744900817737957 2
1744900817739136 1
1744900817740390 1
1744900817741576 2
1744900817742757 2
1744900817743945 2
1744900817745131 38
1744900817746312 40
1744900817747492 41
1744900817748748 42
1744900817749958 43
1744900817751138 42
1744900817752330 41
1744900817753518 42
1744900817754697 42
1744900817755877 42
1744900817757148 42
1744900817758330 42
1744900817759510 2
1744900817760698 1
1744900817761882 1
1744900817763063 1
1744900817764243 1
1744900817765508 1
1744900817766686 1
1744900817767865 2
1744900817769116 2
1744900817770313 1
1744900817771505 2
1744900817772695 40
1744900817773889 41
1744900817775077 41
1744900817776266 41
1744900817777457 42
1744900817778647 42
1744900817779837 42
1744900817781026 42
1744900817782217 41
1744900817783407 42
1744900817784597 41
1744900817785789 3
1744900817786976 2
1744900817788165 2
1744900817789362 1
1744900817790549 1
1744900817791737 2
1744900817792927 2
1744900817794118 2
1744900817795306 1
1744900817796495 2
1744900817797687 2
1744900817798876 1
1744900817800065 41
1744900817801258 42
1744900817802449 42
1744900817803637 42
1744900817804826 42
1744900817806015 42
1744900817807207 42
1744900817808396 41
1744900817809588 41
1744900817810777 42
1744900817811967 42
1744900817813155 2
1744900817814344 1
1744900817815536 2
1744900817816723 1
1744900817817915 2
1744900817819103 3
1744900817820292 3
1744900817821484 2
1744900817822670 2
1744900817823862 2
1744900817825049 2
1744900817826242 38
1744900817827432 41
1744900817828621 42
1744900817829812 42
1744900817830999 41
1744900817832190 41
1744900817833381 41
1744900817834568 41
1744900817835758 41
1744900817836947 42
1744900817838135 42
1744900817839324 42
1744900817840514 2
1744900817841703 1
1744900817842890 2
1744900817844078 3
1744900817845270 1
1744900817846461 1
1744900817847649 2
1744900817848839 1
1744900817850026 1
1744900817851215 2
1744900817852404 2
1744900817853593 39
1744900817854776 40
1744900817855957 41
1744900817857140 41
1744900817858329 42
1744900817859517 42
1744900817860706 42
1744900817861897 40
1744900817863088 41
1744900817864275 41
1744900817865467 42
1744900817866651 2
1744900817867836 2
1744900817869039 1
1744900817870245 2
1744900817871442 2
1744900817872632 1
1744900817873823 2
1744900817875011 2
1744900817876199 2
1744900817877389 2
1744900817878579 1
1744900817879767 6
1744900817880956 41
1744900817882147 41
1744900817883335 41
1744900817884523 41
1744900817885714 41
1744900817886901 41
1744900817888090 41
1744900817889282 41
1744900817890469 42
1744900817891657 42
1744900817892845 42
1744900817894034 1
1744900817895224 0
1744900817896413 1
1744900817897603 2
1744900817898792 2
1744900817899983 1
1744900817901171 2
1744900817902359 1
1744900817903549 2
1744900817904737 3
1744900817905928 1
1744900817907119 38
1744900817908307 41
1744900817909497 41
1744900817910694 41
1744900817912323 41
1744900817913526 42
1744900817914715 41
1744900817915907 42
1744900817917095 41
1744900817918284 41
1744900817919474 41
1744900817920662 2
1744900817921854 2
1744900817923040 2
1744900817924230 2
1744900817925421 1
1744900817926608 1
1744900817927798 1
1744900817928986 1
1744900817930176 3
1744900817931364 1
1744900817932555 2
1744900817933745 1
1744900817934931 40
1744900817936120 41
1744900817937315 41
1744900817938501 41
1744900817939689 42
1744900817940877 42
1744900817942064 42
1744900817943251 42
1744900817944440 42
1744900817945630 42
1744900817946815 41
1744900817948002 1
1744900817949191 1
1744900817950378 2
1744900817951567 2
1744900817952754 2
1744900817953943 2
1744900817955130 2
1744900817956318 1
1744900817957510 1
1744900817958695 2
1744900817959882 2
1744900817961069 17
1744900817962257 40
1744900817963444 40
1744900817964631 40
1744900817965821 41
1744900817967007 42
1744900817968193 41
1744900817969401 41
1744900817970591 41
1744900817971779 41
1744900817972966 42
1744900817974160 42
1744900817975349 2
1744900817976538 2
1744900817977728 1
1744900817978915 1
1744900817980104 3
1744900817981295 2
1744900817982483 2
1744900817983671 2
1744900817984860 2
1744900817986048 2
1744900817987237 2
1744900817988425 39
1744900817989615 41
1744900817990801 40
1744900817991987 41
1744900817993175 41
1744900817994363 41
1744900817995551 42
1744900817996739 42
1744900817997927 41
1744900817999119 41
1744900818000305 41
1744900818001495 21
1744900818002680 2
1744900818003870 2
1744900818005057 1
1744900818006244 2
1744900818007433 2
1744900818008619 2
1744900818009809 2
1744900818011020 1
1744900818012211 1
1744900818013402 2
1744900818014587 2
1744900818015775 39
1744900818016963 41
1744900818018150 41
1744900818019337 40
1744900818020526 41
1744900818021715 42
1744900818022900 41
1744900818024089 41
1744900818025279 41
1744900818026464 41
1744900818027651 42
1744900818028840 1
1744900818030027 1
1744900818031215 2
1744900818032403 1
1744900818033592 1
1744900818034777 2
1744900818035964 1
1744900818037154 1
1744900818038341 1
1744900818039528 1
1744900818040717 3
1744900818041906 2
1744900818043091 40
1744900818044278 41
1744900818045469 41
1744900818046655 41
1744900818047845 41
1744900818049034 42
1744900818050222 41
1744900818051409 41
1744900818052597 41
1744900818053785 41
1744900818054975 41
1744900818056163 3
1744900818057359 2
1744900818058536 1
1744900818059717 1
1744900818060898 2
1744900818062087 2
1744900818063274 3
1744900818064462 2
1744900818065649 1
1744900818066838 2
1744900818068031 2
1744900818069233 19
1744900818070457 40
1744900818071641 41
1744900818072826 41
1744900818074012 41
1744900818075198 41
1744900818076383 42
1744900818077569 41
1744900818078750 41
1744900818079934 41
1744900818081118 41
1744900818082304 41
1744900818083488 2
1744900818084676 1
1744900818085862 2
1744900818087044 1
1744900818088228 1
1744900818089413 2
1744900818090596 2
1744900818091780 2
1744900818092963 2
1744900818094147 1
1744900818095331 2
1744900818096514 39
1744900818097700 41
1744900818098882 41
1744900818100068 41
1744900818101273 41
1744900818102460 42
1744900818103644 42
1744900818104839 42
1744900818106028 41
1744900818107215 41
1744900818108405 42
1744900818109589 21
1744900818110767 2
1744900818111964 2
1744900818113146 2
1744900818114334 2
1744900818115519 1
1744900818116705 3
1744900818117891 2
1744900818119075 1
1744900818120259 1
1744900818121451 2
1744900818122633 3
1744900818123816 40
1744900818125002 41
1744900818126186 41
1744900818127371 40
1744900818128555 41
1744900818129742 42
1744900818130925 42
1744900818132109 41
1744900818133296 42
1744900818134477 41
1744900818135661 42
1744900818136845 22
1744900818138036 2
1744900818139221 1
1744900818140405 2
1744900818141591 1
1744900818142774 2
1744900818143958 2
1744900818145142 1
1744900818146328 1
1744900818147511 2
1744900818148694 2
1744900818149880 2
1744900818151063 39
1744900818152248 41
1744900818153434 41
1744900818154619 41
1744900818155802 42
1744900818156986 41
1744900818158178 42
1744900818159363 41
1744900818160547 41
1744900818161733 43
1744900818162916 42
1744900818164101 1
1744900818165288 1
1744900818166475 1
1744900818167655 2
1744900818168864 2
1744900818170058 1
1744900818171251 1
1744900818172434 1
1744900818173621 1
1744900818174803 1
1744900818175988 3
1744900818177172 22
1744900818178356 40
1744900818179542 41
1744900818180724 41
1744900818181911 42
1744900818183093 41
1744900818184277 42
1744900818185463 42
1744900818186645 41
1744900818187830 41
1744900818189013 42
1744900818190197 42
1744900818191381 3
1744900818192565 1
1744900818193752 1
1744900818194937 3
1744900818196122 2
1744900818197307 1
1744900818198488 3
1744900818199672 2
1744900818200856 1
1744900818202040 2
1744900818203224 2
1744900818204409 25
1744900818205594 40
1744900818206775 41
1744900818207959 41
1744900818209144 41
1744900818210328 42
1744900818211511 42
1744900818212697 41
1744900818213884 41
1744900818215064 41
1744900818216248 43
1744900818217434 42
1744900818218617 1
1744900818219801 2
1744900818220986 2
1744900818222169 2
1744900818223355 2
1744900818224550 2
1744900818225739 2
1744900818226926 1
1744900818228112 2
1744900818229297 2
1744900818230478 2
1744900818231660 40
1744900818232837 41
1744900818234024 41
1744900818235209 42
1744900818236394 41
1744900818237579 41
1744900818238764 41
1744900818239947 41
1744900818241131 42
1744900818242316 42
1744900818243499 41
1744900818244683 41
1744900818245870 1
1744900818247054 2
1744900818248238 2
1744900818249424 1
1744900818250608 1
1744900818251790 1
1744900818252974 1
1744900818254160 1
1744900818255345 2
1744900818256530 2
1744900818257722 2
1744900818258910 39
1744900818260094 41
1744900818261280 42
1744900818262460 42
1744900818263639 41
1744900818264817 41
1744900818266042 42
1744900818267229 41
1744900818268416 42
1744900818269614 42
1744900818270799 42
1744900818271978 5
1744900818273156 2
1744900818274343 1
1744900818275530 1
1744900818276714 2
1744900818277899 2
1744900818279077 2
1744900818280255 1
1744900818281438 1
1744900818282623 1
1744900818283808 1
1744900818284991 2
1744900818286175 40
1744900818287359 42
1744900818288543 41
1744900818289727 41
1744900818290911 41
1744900818292097 42
1744900818293282 42
1744900818294464 42
1744900818295648 41
1744900818296832 42
1744900818298016 41
1744900818299200 2
1744900818300385 2
1744900818301570 1
1744900818302752 1
1744900818303935 2
1744900818305126 3
1744900818306310 2
1744900818307494 2
1744900818308686 1
1744900818309876 2
1744900818311058 2
1744900818312242 1
1744900818313430 41
1744900818314610 42
1744900818315794 41
1744900818316978 41
1744900818318165 42
1744900818319348 41
1744900818320532 42
1744900818321719 41
1744900818322899 42
1744900818324082 42
1744900818325268 42
1744900818326451 1
1744900818327635 2
1744900818328818 2
1744900818330004 2
1744900818331186 1
1744900818332370 1
1744900818333555 1
1744900818334737 3
1744900818335920 2
1744900818337105 2
1744900818338290 1
1744900818339473 37
1744900818340657 41
1744900818341845 41
1744900818343028 41
1744900818344212 41
1744900818345398 41
1744900818346581 41
1744900818347765 41
1744900818348948 41
1744900818350132 41
1744900818351316 41
1744900818352500 42
1744900818353686 2
1744900818354870 2
1744900818356053 1
1744900818357236 1
1744900818358451 1
1744900818359636 2
1744900818360820 2
1744900818362003 2
1744900818363189 1
1744900818364373 1
1744900818365559 1
1744900818366739 39
1744900818367930 41
1744900818369126 41
1744900818370318 40
1744900818371506 42
1744900818372690 41
1744900818373877 41
1744900818375059 42
1744900818376246 42
1744900818377433 41
1744900818378618 41
1744900818379803 41
1744900818380985 1
1744900818382272 2
1744900818383669 2
1744900818384868 3
1744900818386063 2
1744900818387256 19
1744900818388450 2
1744900818389639 2
1744900818390821 1
1744900818392003 2
1744900818393197 3
1744900818394383 40
1744900818395565 40
1744900818396755 41
1744900818397969 42
1744900818399144 42
1744900818400318 42
1744900818401509 42
1744900818402696 41
1744900818403878 41
1744900818405069 41
1744900818406259 41
1744900818407442 3
1744900818408623 1
1744900818409818 2
1744900818410999 1
1744900818412181 2
1744900818413373 2
1744900818414551 2
1744900818415735 2
1744900818416909 2
1744900818418100 1
1744900818419282 2
1744900818420462 2
1744900818421643 41
1744900818422824 40
1744900818424003 41
1744900818425184 41
1744900818426364 41
1744900818427545 42
1744900818428725 41
1744900818429905 41
1744900818431087 41
1744900818432267 42
1744900818433450 42
1744900818434645 1
1744900818435826 1
1744900818437006 1
1744900818438187 2
1744900818439372 2
1744900818440562 1
1744900818441751 2
1744900818442935 2
1744900818444122 1
1744900818445311 2
1744900818446517 2
1744900818447703 38
1744900818448890 40
1744900818450077 40
1744900818451264 40
1744900818452454 41
1744900818453642 41
1744900818454825 42
1744900818456026 41
1744900818457213 41
1744900818458399 41
1744900818459586 41
1744900818460773 41
1744900818462002 2
1744900818463445 3
1744900818464627 1
1744900818465809 2
1744900818466989 2
1744900818468177 2
1744900818469372 2
1744900818470557 2
1744900818471737 3
1744900818472916 2
1744900818474098 1
1744900818475276 40
1744900818476458 41
1744900818477642 42
1744900818478835 42
1744900818480025 42
1744900818481212 41
1744900818482397 41
1744900818483596 41
1744900818484806 42
1744900818485994 43
1744900818487180 41
1744900818488365 1
1744900818489560 2
1744900818490737 2
1744900818491916 3
1744900818493096 2
1744900818494285 2
1744900818495471 2
1744900818496674 2
1744900818497865 1
1744900818499048 3
1744900818500233 1
1744900818501421 1
1744900818502605 40
1744900818503789 41
1744900818504974 41
1744900818506177 41
1744900818507363 42
1744900818508548 42
1744900818509734 42
1744900818510920 42
1744900818512105 42
1744900818513315 41
1744900818514501 41
1744900818515685 2
1744900818516869 2
1744900818518054 2
1744900818519238 2
1744900818520421 1
1744900818521607 1
1744900818522788 1
1744900818523973 2
1744900818525156 2
1744900818526343 2
1744900818527528 2
1744900818528712 38
1744900818529898 40
1744900818531080 41
1744900818532263 40
1744900818533449 42
1744900818534630 42
1744900818535814 42
1744900818536997 42
1744900818538181 42
1744900818539364 41
1744900818540548 41
1744900818541734 41
1744900818542915 2
1744900818544099 2
1744900818545286 1
1744900818546497 2
1744900818547687 2
1744900818548875 2
1744900818550064 2
1744900818551247 1
1744900818552433 1
1744900818553622 1
1744900818554805 2
1744900818555989 39
1744900818557173 41
1744900818558358 41
1744900818559541 40
1744900818560724 41
1744900818561910 41
1744900818563097 42
1744900818564282 41
1744900818565469 41
1744900818566650 41
1744900818567832 41
1744900818569071 32
1744900818570266 3
1744900818571454 2
1744900818572639 2
1744900818573828 1
1744900818575011 3
1744900818576193 2
1744900818577380 2
1744900818578561 1
1744900818579753 1
1744900818580953 3
1744900818582138 1
1744900818583322 39
1744900818584506 40
1744900818585697 41
1744900818586880 42
1744900818588063 42
1744900818589278 41
1744900818590465 42
1744900818591647 42
1744900818592830 42
1744900818594016 42
1744900818595199 42
1744900818596382 1
1744900818597568 2
1744900818598751 2
1744900818599941 1
1744900818601139 2
1744900818602324 2
1744900818603509 2
1744900818604692 1
1744900818605876 1
1744900818607060 0
1744900818608244 2
1744900818609431 1
1744900818610613 40
1744900818611797 41
1744900818612980 41
1744900818614175 41
1744900818615361 42
1744900818616544 41
1744900818617731 41
1744900818618913 41
1744900818620097 42
1744900818621284 43
1744900818622462 42
1744900818623643 1
1744900818624821 2
1744900818626005 2
1744900818627190 2
1744900818628374 3
1744900818629560 2
1744900818630741 2
1744900818631926 1
1744900818633109 1
1744900818634293 2
1744900818635476 2
1744900818636664 19
1744900818637851 40
1744900818639031 41
1744900818640215 41
1744900818641402 42
1744900818642582 42
1744900818643765 41
1744900818644950 41
1744900818646134 41
1744900818647317 41
1744900818648501 42
1744900818649687 42
1744900818650868 2
1744900818652051 1
1744900818653235 2
1744900818654443 1
1744900818655624 1
1744900818656805 2
1744900818657986 2
1744900818659166 2
1744900818660358 1
1744900818661542 1
1744900818662721 1
1744900818663905 38
1744900818665089 41
1744900818666270 41
1744900818667573 42
1744900818668842 41
1744900818670028 42
1744900818671205 41
1744900818672379 41
1744900818673560 42
1744900818674735 42
1744900818675909 43
1744900818677082 41
1744900818678259 1
1744900818679443 2
1744900818680621 1
1744900818681802 3
1744900818682985 2
1744900818684167 2
1744900818685351 1
1744900818686532 1
1744900818687713 2
1744900818688910 2
1744900818690096 1
1744900818691278 40
1744900818692460 40
1744900818693643 41
1744900818694816 42
1744900818695990 42
1744900818697164 42
1744900818698347 41
1744900818699531 41
1744900818700712 42
1744900818701892 42
1744900818703073 42
1744900818704253 22
1744900818705436 1
1744900818706615 2
1744900818707795 1
1744900818708976 2
1744900818710160 2
1744900818711341 3
1744900818712521 2
1744900818713727 2
1744900818714907 2
1744900818716088 1
1744900818717272 2
1744900818718451 41
1744900818719632 42
1744900818720812 41
1744900818721993 41
1744900818723181 41
1744900818724374 42
1744900818725558 42
1744900818726735 42
1744900818727909 42
1744900818729083 42
1744900818730259 42
1744900818731434 22
1744900818732608 3
1744900818733789 2
1744900818734969 2
1744900818736147 2
1744900818737326 2
1744900818738508 1
1744900818739689 2
1744900818740871 3
1744900818742052 2
1744900818743259 2
1744900818744443 2
1744900818745633 40
1744900818746820 41
1744900818748005 42
1744900818749190 42
1744900818750376 42
1744900818751561 42
1744900818752745 41
1744900818753963 41
1744900818755148 42
1744900818756330 42
1744900818757517 42
1744900818758698 2
1744900818759880 1
1744900818761061 1
1744900818762245 1
1744900818763429 1
1744900818764611 3
1744900818765797 2
1744900818766977 2
1744900818768158 2
1744900818769357 1
1744900818770546 1
1744900818771729 19
1744900818772913 40
1744900818774098 41
1744900818775281 41
1744900818776463 41
1744900818777648 41
1744900818778835 41
1744900818780022 42
1744900818781207 42
1744900818782392 42
1744900818783580 41
1744900818784763 41
1744900818785948 2
1744900818787132 1
1744900818788315 2
1744900818789498 2
1744900818790684 1
1744900818791866 1
1744900818793048 1
1744900818794232 2
1744900818795415 2
1744900818796598 2
1744900818797781 1
1744900818798965 19
1744900818800148 40
1744900818801333 41
1744900818802514 42
1744900818803697 42
1744900818804879 41
1744900818806062 42
1744900818807246 41
1744900818808428 41
1744900818809615 42
1744900818810813 42
1744900818811996 41
1744900818813179 1
1744900818814362 1
1744900818815546 2
1744900818816728 2
1744900818817912 2
1744900818819108 2
1744900818820301 2
1744900818821488 1
1744900818822683 2
1744900818823863 2
1744900818825046 2
1744900818826229 40
1744900818827413 40
1744900818828601 41
1744900818829790 41
1744900818830971 41
1744900818832156 42
1744900818833342 41
1744900818834522 41
1744900818835704 41
1744900818836888 41
1744900818838072 42
1744900818839254 42
1744900818840437 1
1744900818841623 1
1744900818842804 1
1744900818843986 2
1744900818845171 1
1744900818846354 2
1744900818847537 2
1744900818848720 2
1744900818849906 1
1744900818851087 1
1744900818852269 2
1744900818853456 39
1744900818854637 41
1744900818855819 42
1744900818857005 42
1744900818858189 41
1744900818859371 41
1744900818860556 41
1744900818861744 43
1744900818862924 41
1744900818864108 42
1744900818865293 42
1744900818866474 15
1744900818867661 1
1744900818868862 1
1744900818870052 1
1744900818871233 2
1744900818872542 3
1744900818873725 1
1744900818874904 1
1744900818876081 1
1744900818877274 2
1744900818878453 2
1744900818879641 3
1744900818880821 41
1744900818882002 40
1744900818883179 41
1744900818884355 41
1744900818885537 41
1744900818886722 42
1744900818887905 42
1744900818889088 42
1744900818890274 41
1744900818891459 41
1744900818892643 42
1744900818893830 3
1744900818895015 3
1744900818896199 1
1744900818897385 1
1744900818898579 2
1744900818899758 1
1744900818900936 1
1744900818902121 2
1744900818903306 3
1744900818904489 2
1744900818905674 2
1744900818906854 2
1744900818908038 40
1744900818909221 41
1744900818910406 42
1744900818911606 42
1744900818912789 42
1744900818913991 41
1744900818915181 41
1744900818916368 42
1744900818917554 42
1744900818918738 41
1744900818919925 41
1744900818921111 2
1744900818922299 1
1744900818923486 3
1744900818924672 2
1744900818925858 1
1744900818927045 1
1744900818928230 1
1744900818929420 2
1744900818930611 3
1744900818931794 1
1744900818932988 1
1744900818934173 35
1744900818935358 41
1744900818936544 41
1744900818937734 41
1744900818938934 41
1744900818940125 41
1744900818941315 42
1744900818942501 42
1744900818943687 42
1744900818944877 41
1744900818946062 41
1744900818947246 41
1744900818948430 2
1744900818949618 2
1744900818950800 2
1744900818951987 1
1744900818953187 1
1744900818954381 1
1744900818955566 2
1744900818956751 2
1744900818957953 2
1744900818959149 2
1744900818960336 2
1744900818961532 39
1744900818962715 39
1744900818963900 40
1744900818965085 42
1744900818966270 42
1744900818967459 41
1744900818968671 41
1744900818969898 41
1744900818971100 41
1744900818972286 42
1744900818973471 41
1744900818974664 2
1744900818975852 2
1744900818977038 2
1744900818978223 1
1744900818979418 2
1744900818980617 2
1744900818981803 1
1744900818982990 2
1744900818984175 2
1744900818985363 1
1744900818986546 2
1744900818987732 2
1744900818988918 40
1744900818990110 41
1744900818991298 40
1744900818992482 41
1744900818993668 41
1744900818994848 41
1744900818996031 42
1744900818997216 42
1744900818998400 41
1744900818999585 41
1744900819000768 41
1744900819001952 2
1744900819003135 2
1744900819004325 1
1744900819005512 2
1744900819006693 2
1744900819007876 1
1744900819009059 1
1744900819010242 2
1744900819011449 3
1744900819012634 2
1744900819013820 2
1744900819015026 1
1744900819016212 39
1744900819017397 41
1744900819018578 41
1744900819019778 42
1744900819020962 42
1744900819022146 41
1744900819023329 41
1744900819024514 41
1744900819025699 41
1744900819026880 41
1744900819028062 42
1744900819029270 1
1744900819030455 1
1744900819031661 1
1744900819032843 3
1744900819034027 2
1744900819035209 2
1744900819036392 2
1744900819037578 2
1744900819038759 2
1744900819039942 1
1744900819041129 2
1744900819042313 39
1744900819043497 41
1744900819044680 42
1744900819045866 42
1744900819047047 41
1744900819048229 41
1744900819049415 41
1744900819050597 41
1744900819051780 42
1744900819052962 42
1744900819054146 42
1744900819055329 42
1744900819056511 1
1744900819057697 1
1744900819058879 2
1744900819060061 2
1744900819061261 2
1744900819062446 1
1744900819063629 2
1744900819064812 2
1744900819065994 2
1744900819067177 2
1744900819068368 2
1744900819069565 39
1744900819070755 40
1744900819071940 41
1744900819073124 42
1744900819074308 41
1744900819075490 41
1744900819076714 41
1744900819078003 41
1744900819079195 42
1744900819080380 42
1744900819081559 42
1744900819082737 3
1744900819083917 2
1744900819085095 1
1744900819086273 2
1744900819087451 2
1744900819088628 2
1744900819089808 1
1744900819090986 1
1744900819092165 2
1744900819093348 2
1744900819094534 2
1744900819095735 2
1744900819096921 40
1744900819098105 41
1744900819099290 40
1744900819100474 42
1744900819101661 42
1744900819102842 42
1744900819104026 42
1744900819105211 40
1744900819106389 42
1744900819107582 42
1744900819108760 41
1744900819109962 2
1744900819111147 1
1744900819112330 2
1744900819113516 2
1744900819114711 3
1744900819115895 2
1744900819117079 1
1744900819118263 1
1744900819119446 3
1744900819120628 3
1744900819121814 2
1744900819122995 2
1744900819124178 40
1744900819125364 40
1744900819126544 41
1744900819127727 42
1744900819128909 42
1744900819130097 41
1744900819131280 41
1744900819132462 41
1744900819133648 41
1744900819134828 41
1744900819136010 42
1744900819137192 3
1744900819138377 2
1744900819139560 1
1744900819140742 2
1744900819141926 2
1744900819143110 2
1744900819144293 2
1744900819145475 2
1744900819146658 1
1744900819147841 1
1744900819149023 2
1744900819150205 2
1744900819151393 40
1744900819152576 41
1744900819153759 41
1744900819154943 41
1744900819156125 41
1744900819157310 41
1744900819158491 42
1744900819159674 41
1744900819160858 41
1744900819162040 41
1744900819163224 41
1744900819164407 1
1744900819165591 1
1744900819166787 1
1744900819167969 2
1744900819169165 1
1744900819170352 2
1744900819171536 2
1744900819172719 2
1744900819173904 1
1744900819175085 1
1744900819176269 1
1744900819177454 38
1744900819178658 41
1744900819179839 41
1744900819181023 42
1744900819182208 42
1744900819183390 41
1744900819184574 41
1744900819185757 41
1744900819186939 42
1744900819188127 42
1744900819189313 42
1744900819190494 42
1744900819191676 1
1744900819192860 1
1744900819194043 1
1744900819195226 2
1744900819196409 1
1744900819197595 2
1744900819198775 2
1744900819199958 1
1744900819201141 1
1744900819202325 1
1744900819203508 2
1744900819204691 39
1744900819205877 41
1744900819207058 42
1744900819208240 41
1744900819209427 41
1744900819210608 41
1744900819211790 41
1744900819212973 41
1744900819214157 42
1744900819215362 43
1744900819216549 43
1744900819217732 32
1744900819218916 2
1744900819220098 2
1744900819221283 2
1744900819222463 1
1744900819223645 2
1744900819224947 2
1744900819226138 2
1744900819227332 2
1744900819228523 1
1744900819229714 1
1744900819230899 1
1744900819232083 40
1744900819233288 41
1744900819234479 41
1744900819235670 41
1744900819236858 41
1744900819238048 41
1744900819239237 41
1744900819240424 42
1744900819241613 43
1744900819242801 41
1744900819243988 41
1744900819245177 1
1744900819246366 1
1744900819247554 2
1744900819248741 2
1744900819249957 2
1744900819251146 1
1744900819252334 1
1744900819253524 2
1744900819254711 2
1744900819255899 2
1744900819257087 2
1744900819258276 17
1744900819259464 41
1744900819260651 40
1744900819261845 41
1744900819263032 41
1744900819264220 42
1744900819265407 42
1744900819266595 41
1744900819267782 41
1744900819268981 41
1744900819270183 41
1744900819271427 41
1744900819272617 2
1744900819273807 1
1744900819274994 2
1744900819276181 2
1744900819277372 1
1744900819278559 3
1744900819279747 2
1744900819280935 2
1744900819282127 2
1744900819283317 1
1744900819284505 1
1744900819285694 38
1744900819286882 40
1744900819288070 42
1744900819289262 41
1744900819290451 41
1744900819291639 41
1744900819292827 41
1744900819294016 41
1744900819295204 41
1744900819296392 42
1744900819297581 42
1744900819298774 22
1744900819299963 2
1744900819301151 1
1744900819302339 1
1744900819303527 2
1744900819304715 2
1744900819305905 1
1744900819307091 2
1744900819308279 2
1744900819309469 2
1744900819310655 1
1744900819311843 2
1744900819313031 40
1744900819314219 41
1744900819315419 41
1744900819316609 41
1744900819317798 41
1744900819318983 41
1744900819320169 42
1744900819321358 41
1744900819322543 41
1744900819323731 41
1744900819324927 42
1744900819326116 1
1744900819327303 2
1744900819328489 1
1744900819329678 2
1744900819330862 2
1744900819332048 1
1744900819333235 1
1744900819334446 1
1744900819335636 2
1744900819336824 3
1744900819338010 1
1744900819339197 1
1744900819340383 40
1744900819341572 42
1744900819342757 42
1744900819343943 41
1744900819345130 42
1744900819346317 41
1744900819347504 41
1744900819348690 41
1744900819349878 42
1744900819351064 42
1744900819352251 41
1744900819353439 2
1744900819354625 2
1744900819355811 1
1744900819356998 1
1744900819358184 2
1744900819359373 2
1744900819360559 2
1744900819361748 2
1744900819362934 2
1744900819364121 1
1744900819365309 1
1744900819366493 19
1744900819367679 41
1744900819368875 41
1744900819370132 41
1744900819371328 41
1744900819372520 41
1744900819373710 42
1744900819374895 42
1744900819376082 42
1744900819377271 42
1744900819378457 41
1744900819379645 41
1744900819380836 2
1744900819382244 1
1744900819383452 2
1744900819384634 2
1744900819385829 2
1744900819387020 2
1744900819388203 2
1744900819389386 2
1744900819390570 1
1744900819391753 1
1744900819392934 2
1744900819394117 40
1744900819395300 41
1744900819396483 42
1744900819397666 41
1744900819398848 40
1744900819400030 41
1744900819401212 41
1744900819402402 42
1744900819403591 42
1744900819404780 42
1744900819405969 42
1744900819407157 21
1744900819408344 1
1744900819409543 2
1744900819410730 2
1744900819411918 3
1744900819413106 3
1744900819414295 2
1744900819415511 2
1744900819416700 2
1744900819417891 2
1744900819419077 3
1744900819420266 2
1744900819421455 41
1744900819422643 40
1744900819423831 41
1744900819425019 41
1744900819426207 42
1744900819427395 42
1744900819428583 42
1744900819429771 42
1744900819430958 42
1744900819432145 41
1744900819433335 42
1744900819434522 1
1744900819435709 1
1744900819436897 2
1744900819438086 2
1744900819439273 2
1744900819440460 1
1744900819441650 2
1744900819442837 2
1744900819444024 1
1744900819445211 2
1744900819446405 2
1744900819447594 21
1744900819448781 41
1744900819449969 41
1744900819451156 41
1744900819452344 41
1744900819453534 41
1744900819454721 42
1744900819455909 42
1744900819457097 43
1744900819458285 42
1744900819459473 42
1744900819460660 41
1744900819461850 1
1744900819463036 2
1744900819464224 2
1744900819465414 3
1744900819466600 3
1744900819467792 2
1744900819468992 2
1744900819470188 2
1744900819471376 1
1744900819472564 1
1744900819473753 2
1744900819474940 39
1744900819476129 41
1744900819477319 41
1744900819478505 42
1744900819479694 42
1744900819480882 41
1744900819482071 41
1744900819483267 41
1744900819484456 42
1744900819485647 42
1744900819486835 42
1744900819488024 19
1744900819489211 1
1744900819490401 1
1744900819491590 1
1744900819492779 2
1744900819493967 2
1744900819495155 2
1744900819496343 2
1744900819497532 1
1744900819498718 1
1744900819499906 1
1744900819501092 1
1744900819502279 40
1744900819503466 42
1744900819504654 42
1744900819505841 41
1744900819507026 41
1744900819508213 41
1744900819509402 41
1744900819510586 42
1744900819511772 42
1744900819512958 42
1744900819514145 42
1744900819515332 2
1744900819516528 1
1744900819517718 1
1744900819518904 2
1744900819520096 3
1744900819521285 2
1744900819522470 2
1744900819523656 2
1744900819524842 2
1744900819526029 2
1744900819527216 2
1744900819528403 2
1744900819529591 41
1744900819530776 41
1744900819531963 41
1744900819533149 42
1744900819534336 41
1744900819535524 41
1744900819536710 42
1744900819537899 42
1744900819539085 42
1744900819540271 42
1744900819541460 41
1744900819542645 1
1744900819543831 2
1744900819545019 1
1744900819546206 2
1744900819547392 3
1744900819548579 2
1744900819549768 2
1744900819550953 1
1744900819552138 2
1744900819553327 1
1744900819554513 2
1744900819555700 32
1744900819556889 41
1744900819558076 42
1744900819559264 42
1744900819560450 41
1744900819561638 41
1744900819562824 41
1744900819564011 42
1744900819565197 42
1744900819566384 42
1744900819567571 41
1744900819568768 42
1744900819569964 2
1744900819571155 2
1744900819572342 2
1744900819573532 2
1744900819574716 3
1744900819575903 2
1744900819577089 3
1744900819578276 1
1744900819579464 1
1744900819580651 2
1744900819581839 2
1744900819583027 39
1744900819584218 40
1744900819585408 41
1744900819586593 42
1744900819587780 41
1744900819588967 42
1744900819590154 42
1744900819591341 42
1744900819592527 43
1744900819593719 42
1744900819594904 42
1744900819596091 41
1744900819597280 2
1744900819598465 3
1744900819599651 2
1744900819600839 2
1744900819602026 3
1744900819603213 2
1744900819604399 1
1744900819605588 1
1744900819606772 2
1744900819607959 2
1744900819609146 2
1744900819610333 40
1744900819611519 41
1744900819612705 41
1744900819613894 41
1744900819615079 40
1744900819616277 41
1744900819617466 42
1744900819618656 42
1744900819619844 42
1744900819621031 41
1744900819622219 41
1744900819623407 1
1744900819624594 2
1744900819625782 1
1744900819626968 2
1744900819628154 3
1744900819629344 3
1744900819630534 1
1744900819631721 1
1744900819632907 2
1744900819634096 2
1744900819635285 2
1744900819636471 2
1744900819637660 40
1744900819638845 42
1744900819640031 41
1744900819641218 41
1744900819642407 41
1744900819643596 41
1744900819644783 41
1744900819645970 42
1744900819647157 42
1744900819648343 41
1744900819649532 41
1744900819650729 2
1744900819651917 1
1744900819653104 1
1744900819654291 1
1744900819655478 2
1744900819656665 1
1744900819657853 2
1744900819659038 1
1744900819660224 2
1744900819661413 2
1744900819662598 1
1744900819663785 38
1744900819664971 41
1744900819666158 41
1744900819667347 41
1744900819668541 41
1744900819669743 41
1744900819670937 41
1744900819672126 41
1744900819673315 41
1744900819674499 42
1744900819675686 42
1744900819676873 41
1744900819678059 2
1744900819679248 1
1744900819680435 1
1744900819681622 1
1744900819682807 1
1744900819683993 2
1744900819685180 2
1744900819686366 2
1744900819687556 1
1744900819688742 1
1744900819689957 1
1744900819691147 39
1744900819692333 40
1744900819693523 42
1744900819694707 42
1744900819695894 41
1744900819697081 41
1744900819698268 41
1744900819699455 41
1744900819700642 41
1744900819701831 42
1744900819703016 42
1744900819704206 42
1744900819705395 2
1744900819706582 1
1744900819707768 2
1744900819708955 2
1744900819710142 1
1744900819711329 3
1744900819712514 2
1744900819713702 2
1744900819714888 1
1744900819716075 2
1744900819717285 2
1744900819718474 40
1744900819719660 41
1744900819720847 41
1744900819722035 42
1744900819723222 42
1744900819724407 42
1744900819725704 42
1744900819726898 41
1744900819728088 42
1744900819729282 41
1744900819730470 41
1744900819731659 27
1744900819732846 2
1744900819734030 2
1744900819735515 1
1744900819736721 2
1744900819737915 1
1744900819739117 1
1744900819740316 1
1744900819741513 2
1744900819742815 3
1744900819744011 2
1744900819745201 39
1744900819746392 41
1744900819747633 42
1744900819748824 40
1744900819750039 41
1744900819751236 42
1744900819752432 42
1744900819753624 42
1744900819754811 41
1744900819756008 42
1744900819757200 41
1744900819758390 1
1744900819759588 3
1744900819760781 2
1744900819761971 2
1744900819763161 1
1744900819764390 1
1744900819765583 1
1744900819766773 2
1744900819767969 2
1744900819769168 2
1744900819770365 2
1744900819771555 1
1744900819772755 39
1744900819773950 40
1744900819775139 41
1744900819776336 41
1744900819777532 42
1744900819778731 41
1744900819779927 41
1744900819781128 41
1744900819782321 41
1744900819783510 42
1744900819784706 42
1744900819785901 2
1744900819787088 2
1744900819788277 2
1744900819789478 1
1744900819790667 2
1744900819791857 2
1744900819793052 2
1744900819794246 2
1744900819795435 2
1744900819796624 1
1744900819797823 1
1744900819799012 38
1744900819800200 41
1744900819801396 41
1744900819802589 41
1744900819803778 41
1744900819804966 41
1744900819806163 41
1744900819807354 42
1744900819808542 42
1744900819809739 43
1744900819810933 41
1744900819812122 41
1744900819813313 1
1744900819814511 1
1744900819815705 2
1744900819816894 2
1744900819818090 2
1744900819819283 1
1744900819820471 1
1744900819821662 2
1744900819822935 2
1744900819824127 2
1744900819825317 1
1744900819826512 40
1744900819827702 40
1744900819828890 40
1744900819830077 41
1744900819831272 42
1744900819832461 42
1744900819833650 42
1744900819834842 42
1744900819836034 41
1744900819837221 42
1744900819838409 41
1744900819839605 2
1744900819840794 1
1744900819841982 1
1744900819843177 2
1744900819844369 2
1744900819845559 2
1744900819846743 1
1744900819847933 1
1744900819849123 1
1744900819850310 2
1744900819851504 2
1744900819852700 1
1744900819853891 40
1744900819855073 40
1744900819856278 42
1744900819857486 41
1744900819858672 42
1744900819859880 41
1744900819861083 42
1744900819862272 41
1744900819863461 41
1744900819864665 42
1744900819865859 42
1744900819867046 1
1744900819868244 1
1744900819869450 2
1744900819870649 1
1744900819871840 1
1744900819873088 2
1744900819874284 2
1744900819875473 2
1744900819876670 2
1744900819877867 2
1744900819879054 2
1744900819880243 39
1744900819881451 40
1744900819882641 41
1744900819883830 41
1744900819885025 42
1744900819886220 42
1744900819887410 41
1744900819888598 42
1744900819889802 41
1744900819890991 42
1744900819892181 42
1744900819893380 29
1744900819894572 2
1744900819895762 1
1744900819896952 1
1744900819898149 2
1744900819899339 1
1744900819900529 1
1744900819901727 1
1744900819902921 1
1744900819904110 1
1744900819905301 2
1744900819906495 1
1744900819907685 40
1744900819908874 41
1744900819910070 41
1744900819911261 42
1744900819912449 41
1744900819913640 42
1744900819914833 42
1744900819916025 42
1744900819917213 41
1744900819918414 41
1744900819919608 42
1744900819920797 2
1744900819921985 2
1744900819923183 3
1744900819924373 3
1744900819925562 2
1744900819926761 1
1744900819927953 1
1744900819929141 2
1744900819930328 2
1744900819931597 2
1744900819932788 2
1744900819933976 18
1744900819935171 41
1744900819936362 41
1744900819937552 41
1744900819938737 41
1744900819939931 41
1744900819941121 42
1744900819942307 42
1744900819943505 41
1744900819944698 41
1744900819945888 41
1744900819947072 40
1744900819948267 2
1744900819949459 2
1744900819950643 2
1744900819951838 2
1744900819953029 1
1744900819954216 1
1744900819955403 1
1744900819956604 2
1744900819957796 2
1744900819958980 2
1744900819960175 1
1744900819961372 39
1744900819962557 42
1744900819963748 41
1744900819964963 41
1744900819966153 41
1744900819967339 41
1744900819968537 42
1744900819969744 42
1744900819970943 42
1744900819972131 41
1744900819973342 41
1744900819974533 21
1744900819975721 2
1744900819976918 2
1744900819978112 2
1744900819979301 2
1744900819980489 2
1744900819981760 2
1744900819982950 2
1744900819984138 2
1744900819985337 1
1744900819986531 1
1744900819987719 1
1744900819988908 39
1744900819990106 41
1744900819991298 41
1744900819992486 41
1744900819993681 41
1744900819994875 41
1744900819996063 42
1744900819997276 42
1744900819998473 42
1744900819999664 41
1744900820000856 41
1744900820002053 1
1744900820003246 3
1744900820004434 3
1744900820005625 2
1744900820006820 2
1744900820008011 1
1744900820009199 2
1744900820010396 2
1744900820011589 2
1744900820012778 1
1744900820013967 2
1744900820015163 19
1744900820016353 40
1744900820017543 41
1744900820018737 42
1744900820019928 42
1744900820021115 41
1744900820022303 41
1744900820023515 42
1744900820024704 42
1744900820025893 42
1744900820027086 42
1744900820028277 41
1744900820029467 2
1744900820030652 1
1744900820031850 2
1744900820033039 1
1744900820034227 1
1744900820035422 1
1744900820036613 2
1744900820037806 2
1744900820038991 3
1744900820040202 2
1744900820041393 1
1744900820042578 39
1744900820043772 41
1744900820044963 41
1744900820046150 41
1744900820047338 42
1744900820048557 41
1744900820049747 41
1744900820050932 42
1744900820052128 41
1744900820053322 41
1744900820054506 41
1744900820055693 21
1744900820056917 2
1744900820058105 2
1744900820059292 3
1744900820060485 2
1744900820061678 2
1744900820062873 1
1744900820064062 2
1744900820065274 3
1744900820066463 2
1744900820067649 2
1744900820068843 1
1744900820070038 40
1744900820071225 41
1744900820072412 41
1744900820073601 41
1744900820074791 41
1744900820075978 41
1744900820077164 42
1744900820078351 41
1744900820079538 41
1744900820080724 41
1744900820081912 41
1744900820083098 2
1744900820084285 2
1744900820085473 2
1744900820086662 1
1744900820087850 2
1744900820089037 2
1744900820090224 1
1744900820091410 2
1744900820092597 1
1744900820093785 1
1744900820094971 1
1744900820096157 20
1744900820097344 40
1744900820098531 41
1744900820099731 41
1744900820100923 41
1744900820102112 41
1744900820103315 41
1744900820104522 41
1744900820105715 41
1744900820106902 41
1744900820108099 42
1744900820109290 42
1744900820110477 1
1744900820111678 1
1744900820112869 1
1744900820114057 1
1744900820115243 2
1744900820116441 3
1744900820117634 2
1744900820118832 1
1744900820120027 1
1744900820121220 2
1744900820122408 2
1744900820123596 39
1744900820124791 41
1744900820125982 41
1744900820127168 41
1744900820128362 41
1744900820129555 41
1744900820130741 42
1744900820131928 41
1744900820133122 41
1744900820134312 41
1744900820135498 42
1744900820137044 18
1744900820138255 2
1744900820139446 1
1744900820140673 1
1744900820141866 2
1744900820143051 2
1744900820144238 2
1744900820145436 3
1744900820146626 2
1744900820147813 2
1744900820149015 2
1744900820150206 25
1744900820151394 41
1744900820152581 41
1744900820153780 41
1744900820154970 41
1744900820156157 42
1744900820157376 41
1744900820158568 41
1744900820159755 41
1744900820160942 41
1744900820162136 43
1744900820163327 42
1744900820164514 1
1744900820165768 2
1744900820166960 1
1744900820168155 2
1744900820169363 3
1744900820170559 1
1744900820171748 2
1744900820172936 1
1744900820174127 1
1744900820175314 3
1744900820176503 3
1744900820177693 39
1744900820178892 41
1744900820180079 40
1744900820181270 41
1744900820182458 41
1744900820183646 42
1744900820184833 41
1744900820186026 41
1744900820187216 41
1744900820188403 41
1744900820189594 42
1744900820190780 10
1744900820191970 1
1744900820193158 2
1744900820194348 2
1744900820195537 2
1744900820196725 3
1744900820197915 2
1744900820199101 1
1744900820200291 1
1744900820201482 1
1744900820202668 2
1744900820203858 1
1744900820205045 39
1744900820206233 41
1744900820207421 41
1744900820208610 42
1744900820209801 43
1744900820210986 42
1744900820212175 41
1744900820213364 42
1744900820214548 41
1744900820215735 42
1744900820216922 42
1744900820218108 2
1744900820219308 1
1744900820220497 1
1744900820221686 2
1744900820222874 2
1744900820224060 2
1744900820225277 1
1744900820226478 2
1744900820227668 1
1744900820228853 1
1744900820230036 2
1744900820231218 1
1744900820232399 40
1744900820233583 41
1744900820234765 41
1744900820235947 41
1744900820237130 42
1744900820238313 42
1744900820239494 41
1744900820240675 40
1744900820241859 41
1744900820243041 42
1744900820244222 42
1744900820245410 2
1744900820246600 1
1744900820247787 1
1744900820248975 2
1744900820250165 1
1744900820251353 1
1744900820252540 2
1744900820253730 3
1744900820254918 1
1744900820256107 2
1744900820257297 1
1744900820258484 37
1744900820259678 41
1744900820260866 42
1744900820262055 42
1744900820263242 41
1744900820264429 41
1744900820265618 41
1744900820266804 41
1744900820267991 41
1744900820269188 41
1744900820270392 42
1744900820271583 41
1744900820272773 2
1744900820273961 2
1744900820275150 2
1744900820276338 2
1744900820277528 2
1744900820278716 2
1744900820279903 1
1744900820281091 1
1744900820282280 1
1744900820283469 2
1744900820284657 2
1744900820285847 39
1744900820287034 40
1744900820288222 40
1744900820289409 41
1744900820290597 41
1744900820291788 42
1744900820292975 41
1744900820294163 41
1744900820295352 41
1744900820296542 41
1744900820297733 41
1744900820298919 1
1744900820300109 2
1744900820301299 2
1744900820302484 1
1744900820303674 2
1744900820304861 2
1744900820306050 2
1744900820307237 2
1744900820308428 2
1744900820309616 1
1744900820310802 2
1744900820311990 2
1744900820313178 39
1744900820314366 40
1744900820315554 41
1744900820316744 41
1744900820317952 41
1744900820319141 42
1744900820320330 42
1744900820321518 41
1744900820322707 41
1744900820323894 40
1744900820325085 42
1744900820326272 2
1744900820327460 2
1744900820328648 2
1744900820329839 1
1744900820331024 1
1744900820332212 1
1744900820333407 2
1744900820334593 2
1744900820335781 1
1744900820336969 1
1744900820338158 1
1744900820339346 3
1744900820340534 41
1744900820341724 41
1744900820342911 41
1744900820344099 42
1744900820345288 40
1744900820346473 42
1744900820347660 42
1744900820348847 42
1744900820350035 41
1744900820351221 41
1744900820352408 41
1744900820353598 2
1744900820354783 2
1744900820355969 2
1744900820357156 1
1744900820358344 1
1744900820359529 2
1744900820360716 2
1744900820361906 2
1744900820363091 2
1744900820364278 1
1744900820365467 2
1744900820366652 38
1744900820367838 41
1744900820369034 41
1744900820370231 42
1744900820371422 41
1744900820372609 42
1744900820373800 42
1744900820374987 41
1744900820376175 41
1744900820377365 41
1744900820378553 41
1744900820379742 42
1744900820380933 3
1744900820382221 1
1744900820383442 2
1744900820384640 2
1744900820385835 1
1744900820387026 56
1744900820388217 1
1744900820389406 2
1744900820390595 1
1744900820391786 1
1744900820392974 2
1744900820394164 40
1744900820395354 41
1744900820396543 41
1744900820397732 41
1744900820398921 41
1744900820400111 41
1744900820401300 42
1744900820402488 43
1744900820403676 42
1744900820404865 42
1744900820406053 41
1744900820407248 2
1744900820408438 2
1744900820409628 3
1744900820410814 3
1744900820412002 2
1744900820413192 2
1744900820414381 1
1744900820415570 2
1744900820416760 3
1744900820417952 2
1744900820419140 2
1744900820420329 2
1744900820421521 41
1744900820422709 41
1744900820423898 41
1744900820425088 43
1744900820426276 42
1744900820427464 42
1744900820428652 41
1744900820429843 41
1744900820431031 41
1744900820432220 41
1744900820433412 42
1744900820434598 2
1744900820435786 2
1744900820436974 1
1744900820438163 1
1744900820439352 1
1744900820440541 2
1744900820441731 3
1744900820442918 2
1744900820444111 2
1744900820445302 1
1744900820446489 1
1744900820447678 38
1744900820448867 41
1744900820450057 41
1744900820451244 41
1744900820452433 41
1744900820453623 41
1744900820454822 41
1744900820456010 41
1744900820457199 41
1744900820458390 42
1744900820459578 42
1744900820460766 42
1744900820461955 2
1744900820463146 1
1744900820464334 1
1744900820465524 2
1744900820466713 2
1744900820467902 2
1744900820469097 2
1744900820470295 2
1744900820471488 1
1744900820472676 1
1744900820473868 1
1744900820475056 40
1744900820476244 41
1744900820477435 42
1744900820478621 41
1744900820479823 42
1744900820481016 41
1744900820482205 42
1744900820483395 42
1744900820484584 41
1744900820485777 43
1744900820486962 42
1744900820488152 1
1744900820489342 1
1744900820490528 1
1744900820491718 2
1744900820492908 2
1744900820494093 3
1744900820495278 2
1744900820496465 2
1744900820497650 1
1744900820498832 2
1744900820500028 2
1744900820501218 2
1744900820502410 40
1744900820503600 41
1744900820504790 42
1744900820505978 41
1744900820507168 42
1744900820508356 42
1744900820509548 42
1744900820510736 41
1744900820511926 41
1744900820513116 41
1744900820514305 41
1744900820515493 1
1744900820516681 2
1744900820517875 2
1744900820519064 1
1744900820520252 2
1744900820521442 2
1744900820522628 1
1744900820523816 2
1744900820525002 2
1744900820526190 2
1744900820527377 1
1744900820528565 11
1744900820529754 40
1744900820530940 41
1744900820532128 41
1744900820533317 42
1744900820534503 42
1744900820535690 41
1744900820536877 41
1744900820538067 42
1744900820539253 42
1744900820540440 42
1744900820541629 42
1744900820542816 2
1744900820544003 1
1744900820545190 2
1744900820546384 2
1744900820547572 2
1744900820548759 2
1744900820549950 2
1744900820551137 2
1744900820552325 2
1744900820553514 2
1744900820554709 2
1744900820555895 38
1744900820557082 40
1744900820558269 41
1744900820559457 41
1744900820560644 41
1744900820561833 42
1744900820563019 42
1744900820564206 41
1744900820565395 41
1744900820566579 41
1744900820567765 42
1744900820568957 42
1744900820570156 1
1744900820571352 1
1744900820572540 2
1744900820573732 1
1744900820574917 2
1744900820576107 3
1744900820577298 1
1744900820578484 1
1744900820579674 2
1744900820580861 2
1744900820582050 2
1744900820583239 40
1744900820584428 41
1744900820585623 41
1744900820586811 41
1744900820588001 42
1744900820589188 42
1744900820590378 42
1744900820591572 42
1744900820592761 42
1744900820593952 41
1744900820595140 42
1744900820596330 2
1744900820597519 2
1744900820598704 2
1744900820599892 1
1744900820601081 1
1744900820602268 1
1744900820603454 2
1744900820604644 2
1744900820605832 2
1744900820607016 1
1744900820608204 1
1744900820609395 2
1744900820610579 41
1744900820611766 41
1744900820612954 42
1744900820614140 41
1744900820615327 40
1744900820616514 42
1744900820617705 41
1744900820618889 42
1744900820620076 42
1744900820621266 42
1744900820622472 41
1744900820623673 1
1744900820624860 3
1744900820626049 3
1744900820627236 3
1744900820628428 1
1744900820629615 2
1744900820630801 1
1744900820631987 1
1744900820633174 1
1744900820634362 3
1744900820635550 2
1744900820636737 18
1744900820637926 40
1744900820639114 41
1744900820640300 41
1744900820641489 41
1744900820642674 43
1744900820643861 41
1744900820645048 41
1744900820646235 41
1744900820647423 41
1744900820648610 42
1744900820649799 41
1744900820650985 2
1744900820652171 1
1744900820653361 2
1744900820654547 1
1744900820655734 1
1744900820656921 2
1744900820658108 3
1744900820659295 2
1744900820660481 1
1744900820661671 2
1744900820662856 1
1744900820664043 39
1744900820665233 41
1744900820666445 42
1744900820667630 42
1744900820668821 42
1744900820670032 42
1744900820671223 41
1744900820672408 41
1744900820673594 41
1744900820674774 41
1744900820675957 42
1744900820677140 22
1744900820678324 2
1744900820679508 1
1744900820680692 2
1744900820681877 2
1744900820683059 3
1744900820684242 2
1744900820685427 2
1744900820686609 1
1744900820687792 2
1744900820688976 2
1744900820690159 2
1744900820691342 40
1744900820692526 41
1744900820693711 41
1744900820694893 41
1744900820696076 41
1744900820697264 43
1744900820698448 42
1744900820699643 42
1744900820700831 41
1744900820702021 41
1744900820703204 41
1744900820704387 23
1744900820705573 2
1744900820706754 2
1744900820707938 2
1744900820709122 1
1744900820710304 1
1744900820711498 1
1744900820712683 2
1744900820713879 2
1744900820715064 2
1744900820716249 2
1744900820717434 1
1744900820718618 39
1744900820719800 42
1744900820720983 42
1744900820722178 41
1744900820723363 42
1744900820724546 41
1744900820725732 41
1744900820726924 41
1744900820728117 42
1744900820729302 42
1744900820730486 42
1744900820731670 2
1744900820732854 2
1744900820734038 1
1744900820735223 1
1744900820736406 2
1744900820737591 2
1744900820738780 1
1744900820739963 1
1744900820741146 1
1744900820742330 1
1744900820743514 1
1744900820744697 2
1744900820745880 40
1744900820747064 41
1744900820748246 40
1744900820749431 41
1744900820750613 41
1744900820751797 41
1744900820752981 41
1744900820754164 41
1744900820755348 41
1744900820756531 41
1744900820757716 41
1744900820758897 1
1744900820760088 3
1744900820761281 2
1744900820762464 2
1744900820763648 2
1744900820764831 2
1744900820766014 1
1744900820767196 1
1744900820768388 1
1744900820769632 2
1744900820770823 2
1744900820772009 21
1744900820773192 40
1744900820774377 40
1744900820775564 41
1744900820776748 41
1744900820777975 42
1744900820779160 41
1744900820780343 41
1744900820781528 41
1744900820782709 41
1744900820783891 42
1744900820785073 42
1744900820786256 2
1744900820787438 2
1744900820788622 1
1744900820789807 2
1744900820790988 2
1744900820792170 2
1744900820793356 2
1744900820794537 1
1744900820795719 1
1744900820796902 2
1744900820798085 3
1744900820799268 40
1744900820800450 41
1744900820801647 40
1744900820802827 41
1744900820804010 41
1744900820805194 42
1744900820806377 42
1744900820807560 41
1744900820808743 42
1744900820809927 42
1744900820811112 41
1744900820812299 42
1744900820813484 2
1744900820814665 1
1744900820815848 1
1744900820817031 1
1744900820818219 2
1744900820819418 2
1744900820820614 1
1744900820821801 3
1744900820822983 2
1744900820824167 1
1744900820825352 1
1744900820826534 39
1744900820827717 40
1744900820828900 42
1744900820830082 42
1744900820831265 41
1744900820832447 41
1744900820833631 41
1744900820834814 41
1744900820835996 42
1744900820837179 41
1744900820838361 42
1744900820839544 10
1744900820840726 2
1744900820841911 1
1744900820843093 1
1744900820844275 2
1744900820845460 1
1744900820846641 2
1744900820847823 2
1744900820849012 2
1744900820850195 1
1744900820851378 1
1744900820852561 2
1744900820853745 40
1744900820854926 40
1744900820856109 41
1744900820857293 41
1744900820858472 41
1744900820859655 41
1744900820860893 41
1744900820862085 42
1744900820863268 41
1744900820864450 41
1744900820865635 41
1744900820866816 2
1744900820867997 2
1744900820869202 2
1744900820870401 2
1744900820871588 1
1744900820872772 1
1744900820873955 1
1744900820875138 2
1744900820876321 2
1744900820877506 2
1744900820878687 2
1744900820879871 1
1744900820881055 40
1744900820882237 40
1744900820883419 41
1744900820884603 41
1744900820885792 42
1744900820886973 41
1744900820888156 42
1744900820889342 41
1744900820890523 41
1744900820891706 41
1744900820892888 42
1744900820894071 2
1744900820895254 2
1744900820896437 2
1744900820897623 1
1744900820898804 1
1744900820899986 1
1744900820901169 2
1744900820902352 2
1744900820903534 2
1744900820904717 1
1744900820905900 1
1744900820907083 37
1744900820908266 40
1744900820909451 42
1744900820910632 42
1744900820911815 42
1744900820912997 42
1744900820914180 41
1744900820915362 41
1744900820916547 41
1744900820917734 41
1744900820918915 42
1744900820920099 41
1744900820921284 1
1744900820922473 1
1744900820923907 2
1744900820925133 1
1744900820926331 2
1744900820927527 2
1744900820928712 2
1744900820929896 2
1744900820931080 2
1744900820932263 1
1744900820933447 1
1744900820934630 40
1744900820935813 41
1744900820936995 41
1744900820938178 41
1744900820939361 41
1744900820940543 41
1744900820941728 41
1744900820942911 40
1744900820944094 42
1744900820945279 42
1744900820946459 42
1744900820947642 2
1744900820948824 1
1744900820950007 1
1744900820951189 3
1744900820952372 2
1744900820953557 2
1744900820954738 2
1744900820955921 1
1744900820957104 1
1744900820958287 1
1744900820959475 3
1744900820960658 2
1744900820961844 40
1744900820963024 40
1744900820964207 41
1744900820965392 42
1744900820966571 41
1744900820967763 42
1744900820968969 42
1744900820970160 42
1744900820971344 41
1744900820972528 41
1744900820973712 41
1744900820974892 2
1744900820976075 2
1744900820977263 2
1744900820978447 2
1744900820979630 1
1744900820980813 2
1744900820981996 3
1744900820983179 2
1744900820984362 2
1744900820985548 2
1744900820986729 1
1744900820987912 2
1744900820989095 40
1744900820990278 41
1744900820991461 42
1744900820992643 41
1744900820993826 42
1744900820995009 41
1744900820996196 42
1744900820997382 42
1744900820998563 43
1744900820999746 42
1744900821000929 41
1744900821002112 1
1744900821003295 1
1744900821004478 1
1744900821005664 2
1744900821006844 3
1744900821008027 2
1744900821009209 2
1744900821010392 1
1744900821011575 2
1744900821012757 1
1744900821013943 2
1744900821015127 39
1744900821016310 40
1744900821017495 40
1744900821018677 41
1744900821019859 41
1744900821021041 41
1744900821022224 41
1744900821023407 42
1744900821024589 43
1744900821025772 42
1744900821026956 42
1744900821028138 41
1744900821029323 1
1744900821030504 1
1744900821031688 2
1744900821032875 2
1744900821034058 2
1744900821035240 2
1744900821036423 2
1744900821037608 1
1744900821038788 1
1744900821039971 2
1744900821041154 2
1744900821042337 38
1744900821043520 40
1744900821044703 41
1744900821045887 40
1744900821047068 41
1744900821048252 42
1744900821049437 42
1744900821050617 41
1744900821051801 42
1744900821052984 42
1744900821054168 42
1744900821055350 41
1744900821056534 2
1744900821057719 2
1744900821058899 2
1744900821060092 2
1744900821061278 2
1744900821062459 2
1744900821063641 2
1744900821064824 1
1744900821066007 2
1744900821067189 2
1744900821068371 2
1744900821069570 40
1744900821070758 41
1744900821071941 40
1744900821073124 41
1744900821074307 41
1744900821075489 41
1744900821076672 42
1744900821077857 41
1744900821079038 42
1744900821080220 41
1744900821081404 41
